2.41
2.41
2.705
2.41
2.705
2.995
2.41
2.705
2.995
2.99
2.41
2.705
2.995
2.99
3.255
2.41
2.705
2.995
2.99
3.255
3.385
2.41
2.705
2.995
2.99
3.255
3.385
3.485
2.41
2.705
2.995
2.99
3.255
3.385
3.485
3.45
2.41
2.705
2.995
2.99
3.255
3.385
3.485
3.45
3.505
2.41
2.705
2.995
2.99
3.255
3.385
3.485
3.45
3.505
3.53
2.41
2.705
2.995
2.99
3.255
3.385
3.485
3.45
3.505
3.53
3.57
2.41
2.705
2.995
2.99
3.255
3.385
3.485
3.45
3.505
3.53
3.57
3.825
2.41
2.705
2.995
2.99
3.255
3.385
3.485
3.45
3.505
3.53
3.57
3.825
3.63
2.41
2.705
2.995
2.99
3.255
3.385
3.485
3.45
3.505
3.53
3.57
3.825
3.63
3.74
2.41
2.705
2.995
2.99
3.255
3.385
3.485
3.45
3.505
3.53
3.57
3.825
3.63
3.74
3.86
2.41
2.705
2.995
2.99
3.255
3.385
3.485
3.45
3.505
3.53
3.57
3.825
3.63
3.74
3.86
3.815
2.41
2.705
2.995
2.99
3.255
3.385
3.485
3.45
3.505
3.53
3.57
3.825
3.63
3.74
3.86
3.815
3.915
2.41
2.705
2.995
2.99
3.255
3.385
3.485
3.45
3.505
3.53
3.57
3.825
3.63
3.74
3.86
3.815
3.915
3.675
2.41
2.705
2.995
2.99
3.255
3.385
3.485
3.45
3.505
3.53
3.57
3.825
3.63
3.74
3.86
3.815
3.915
3.675
3.71
2.41
2.705
2.995
2.99
3.255
3.385
3.485
3.45
3.505
3.53
3.57
3.825
3.63
3.74
3.86
3.815
3.915
3.675
3.71
3.83
2.41
2.705
2.995
2.99
3.255
3.385
3.485
3.45
3.505
3.53
3.57
3.825
3.63
3.74
3.86
3.815
3.915
3.675
3.71
3.83
3.91
2.41
2.705
2.995
2.99
3.255
3.385
3.485
3.45
3.505
3.53
3.57
3.825
3.63
3.74
3.86
3.815
3.915
3.675
3.71
3.83
3.91
3.99
2.41
2.705
2.995
2.99
3.255
3.385
3.485
3.45
3.505
3.53
3.57
3.825
3.63
3.74
3.86
3.815
3.915
3.675
3.71
3.83
3.91
3.99
3.86
2.41
2.705
2.995
2.99
3.255
3.385
3.485
3.45
3.505
3.53
3.57
3.825
3.63
3.74
3.86
3.815
3.915
3.675
3.71
3.83
3.91
3.99
3.86
4.03
2.41
2.705
2.995
2.99
3.255
3.385
3.485
3.45
3.505
3.53
3.57
3.825
3.63
3.74
3.86
3.815
3.915
3.675
3.71
3.83
3.91
3.99
3.86
4.03
3.895
2.41
2.705
2.995
2.99
3.255
3.385
3.485
3.45
3.505
3.53
3.57
3.825
3.63
3.74
3.86
3.815
3.915
3.675
3.71
3.83
3.91
3.99
3.86
4.03
3.895
3.705
2.41
2.705
2.995
2.99
3.255
3.385
3.485
3.45
3.505
3.53
3.57
3.825
3.63
3.74
3.86
3.815
3.915
3.675
3.71
3.83
3.91
3.99
3.86
4.03
3.895
3.705
3.91
2.41
2.705
2.995
2.99
3.255
3.385
3.485
3.45
3.505
3.53
3.57
3.825
3.63
3.74
3.86
3.815
3.915
3.675
3.71
3.83
3.91
3.99
3.86
4.03
3.895
3.705
3.91
3.94
2.41
2.705
2.995
2.99
3.255
3.385
3.485
3.45
3.505
3.53
3.57
3.825
3.63
3.74
3.86
3.815
3.915
3.675
3.71
3.83
3.91
3.99
3.86
4.03
3.895
3.705
3.91
3.94
3.9
2.41
2.705
2.995
2.99
3.255
3.385
3.485
3.45
3.505
3.53
3.57
3.825
3.63
3.74
3.86
3.815
3.915
3.675
3.71
3.83
3.91
3.99
3.86
4.03
3.895
3.705
3.91
3.94
3.9
3.835
2.41
2.705
2.995
2.99
3.255
3.385
3.485
3.45
3.505
3.53
3.57
3.825
3.63
3.74
3.86
3.815
3.915
3.675
3.71
3.83
3.91
3.99
3.86
4.03
3.895
3.705
3.91
3.94
3.9
3.835
4.055
2.41
2.705
2.995
2.99
3.255
3.385
3.485
3.45
3.505
3.53
3.57
3.825
3.63
3.74
3.86
3.815
3.915
3.675
3.71
3.83
3.91
3.99
3.86
4.03
3.895
3.705
3.91
3.94
3.9
3.835
4.055
3.715
