9.838342666625976e-05
9.838342666625976e-05
0.00027536630630493165
9.838342666625976e-05
0.00027536630630493165
0.0004970479011535644
9.838342666625976e-05
0.00027536630630493165
0.0004970479011535644
0.0007060658931732178
9.838342666625976e-05
0.00027536630630493165
0.0004970479011535644
0.0007060658931732178
0.0009514570236206054
9.838342666625976e-05
0.00027536630630493165
0.0004970479011535644
0.0007060658931732178
0.0009514570236206054
0.0012568998336791991
9.838342666625976e-05
0.00027536630630493165
0.0004970479011535644
0.0007060658931732178
0.0009514570236206054
0.0012568998336791991
0.0014979267120361329
9.838342666625976e-05
0.00027536630630493165
0.0004970479011535644
0.0007060658931732178
0.0009514570236206054
0.0012568998336791991
0.0014979267120361329
0.0018530213832855225
9.838342666625976e-05
0.00027536630630493165
0.0004970479011535644
0.0007060658931732178
0.0009514570236206054
0.0012568998336791991
0.0014979267120361329
0.0018530213832855225
0.0022575902938842774
9.838342666625976e-05
0.00027536630630493165
0.0004970479011535644
0.0007060658931732178
0.0009514570236206054
0.0012568998336791991
0.0014979267120361329
0.0018530213832855225
0.0022575902938842774
0.0026921844482421875
9.838342666625976e-05
0.00027536630630493165
0.0004970479011535644
0.0007060658931732178
0.0009514570236206054
0.0012568998336791991
0.0014979267120361329
0.0018530213832855225
0.0022575902938842774
0.0026921844482421875
0.003467576503753662
9.838342666625976e-05
0.00027536630630493165
0.0004970479011535644
0.0007060658931732178
0.0009514570236206054
0.0012568998336791991
0.0014979267120361329
0.0018530213832855225
0.0022575902938842774
0.0026921844482421875
0.003467576503753662
0.004392706155776978
9.838342666625976e-05
0.00027536630630493165
0.0004970479011535644
0.0007060658931732178
0.0009514570236206054
0.0012568998336791991
0.0014979267120361329
0.0018530213832855225
0.0022575902938842774
0.0026921844482421875
0.003467576503753662
0.004392706155776978
0.005329333543777466
9.838342666625976e-05
0.00027536630630493165
0.0004970479011535644
0.0007060658931732178
0.0009514570236206054
0.0012568998336791991
0.0014979267120361329
0.0018530213832855225
0.0022575902938842774
0.0026921844482421875
0.003467576503753662
0.004392706155776978
0.005329333543777466
0.006194251775741577
9.838342666625976e-05
0.00027536630630493165
0.0004970479011535644
0.0007060658931732178
0.0009514570236206054
0.0012568998336791991
0.0014979267120361329
0.0018530213832855225
0.0022575902938842774
0.0026921844482421875
0.003467576503753662
0.004392706155776978
0.005329333543777466
0.006194251775741577
0.007540354728698731
9.838342666625976e-05
0.00027536630630493165
0.0004970479011535644
0.0007060658931732178
0.0009514570236206054
0.0012568998336791991
0.0014979267120361329
0.0018530213832855225
0.0022575902938842774
0.0026921844482421875
0.003467576503753662
0.004392706155776978
0.005329333543777466
0.006194251775741577
0.007540354728698731
0.008455578088760376
9.838342666625976e-05
0.00027536630630493165
0.0004970479011535644
0.0007060658931732178
0.0009514570236206054
0.0012568998336791991
0.0014979267120361329
0.0018530213832855225
0.0022575902938842774
0.0026921844482421875
0.003467576503753662
0.004392706155776978
0.005329333543777466
0.006194251775741577
0.007540354728698731
0.008455578088760376
0.009853001832962036
9.838342666625976e-05
0.00027536630630493165
0.0004970479011535644
0.0007060658931732178
0.0009514570236206054
0.0012568998336791991
0.0014979267120361329
0.0018530213832855225
0.0022575902938842774
0.0026921844482421875
0.003467576503753662
0.004392706155776978
0.005329333543777466
0.006194251775741577
0.007540354728698731
0.008455578088760376
0.009853001832962036
0.011316273212432861
9.838342666625976e-05
0.00027536630630493165
0.0004970479011535644
0.0007060658931732178
0.0009514570236206054
0.0012568998336791991
0.0014979267120361329
0.0018530213832855225
0.0022575902938842774
0.0026921844482421875
0.003467576503753662
0.004392706155776978
0.005329333543777466
0.006194251775741577
0.007540354728698731
0.008455578088760376
0.009853001832962036
0.011316273212432861
0.012962470054626465
9.838342666625976e-05
0.00027536630630493165
0.0004970479011535644
0.0007060658931732178
0.0009514570236206054
0.0012568998336791991
0.0014979267120361329
0.0018530213832855225
0.0022575902938842774
0.0026921844482421875
0.003467576503753662
0.004392706155776978
0.005329333543777466
0.006194251775741577
0.007540354728698731
0.008455578088760376
0.009853001832962036
0.011316273212432861
0.012962470054626465
0.014089959859848022
9.838342666625976e-05
0.00027536630630493165
0.0004970479011535644
0.0007060658931732178
0.0009514570236206054
0.0012568998336791991
0.0014979267120361329
0.0018530213832855225
0.0022575902938842774
0.0026921844482421875
0.003467576503753662
0.004392706155776978
0.005329333543777466
0.006194251775741577
0.007540354728698731
0.008455578088760376
0.009853001832962036
0.011316273212432861
0.012962470054626465
0.014089959859848022
0.015626195669174194
9.838342666625976e-05
0.00027536630630493165
0.0004970479011535644
0.0007060658931732178
0.0009514570236206054
0.0012568998336791991
0.0014979267120361329
0.0018530213832855225
0.0022575902938842774
0.0026921844482421875
0.003467576503753662
0.004392706155776978
0.005329333543777466
0.006194251775741577
0.007540354728698731
0.008455578088760376
0.009853001832962036
0.011316273212432861
0.012962470054626465
0.014089959859848022
0.015626195669174194
0.017204601764678955
9.838342666625976e-05
0.00027536630630493165
0.0004970479011535644
0.0007060658931732178
0.0009514570236206054
0.0012568998336791991
0.0014979267120361329
0.0018530213832855225
0.0022575902938842774
0.0026921844482421875
0.003467576503753662
0.004392706155776978
0.005329333543777466
0.006194251775741577
0.007540354728698731
0.008455578088760376
0.009853001832962036
0.011316273212432861
0.012962470054626465
0.014089959859848022
0.015626195669174194
0.017204601764678955
0.01882352590560913
9.838342666625976e-05
0.00027536630630493165
0.0004970479011535644
0.0007060658931732178
0.0009514570236206054
0.0012568998336791991
0.0014979267120361329
0.0018530213832855225
0.0022575902938842774
0.0026921844482421875
0.003467576503753662
0.004392706155776978
0.005329333543777466
0.006194251775741577
0.007540354728698731
0.008455578088760376
0.009853001832962036
0.011316273212432861
0.012962470054626465
0.014089959859848022
0.015626195669174194
0.017204601764678955
0.01882352590560913
0.020452536344528198
9.838342666625976e-05
0.00027536630630493165
0.0004970479011535644
0.0007060658931732178
0.0009514570236206054
0.0012568998336791991
0.0014979267120361329
0.0018530213832855225
0.0022575902938842774
0.0026921844482421875
0.003467576503753662
0.004392706155776978
0.005329333543777466
0.006194251775741577
0.007540354728698731
0.008455578088760376
0.009853001832962036
0.011316273212432861
0.012962470054626465
0.014089959859848022
0.015626195669174194
0.017204601764678955
0.01882352590560913
0.020452536344528198
0.023442792892456054
9.838342666625976e-05
0.00027536630630493165
0.0004970479011535644
0.0007060658931732178
0.0009514570236206054
0.0012568998336791991
0.0014979267120361329
0.0018530213832855225
0.0022575902938842774
0.0026921844482421875
0.003467576503753662
0.004392706155776978
0.005329333543777466
0.006194251775741577
0.007540354728698731
0.008455578088760376
0.009853001832962036
0.011316273212432861
0.012962470054626465
0.014089959859848022
0.015626195669174194
0.017204601764678955
0.01882352590560913
0.020452536344528198
0.023442792892456054
0.026730670928955078
9.838342666625976e-05
0.00027536630630493165
0.0004970479011535644
0.0007060658931732178
0.0009514570236206054
0.0012568998336791991
0.0014979267120361329
0.0018530213832855225
0.0022575902938842774
0.0026921844482421875
0.003467576503753662
0.004392706155776978
0.005329333543777466
0.006194251775741577
0.007540354728698731
0.008455578088760376
0.009853001832962036
0.011316273212432861
0.012962470054626465
0.014089959859848022
0.015626195669174194
0.017204601764678955
0.01882352590560913
0.020452536344528198
0.023442792892456054
0.026730670928955078
0.032400746345520016
9.838342666625976e-05
0.00027536630630493165
0.0004970479011535644
0.0007060658931732178
0.0009514570236206054
0.0012568998336791991
0.0014979267120361329
0.0018530213832855225
0.0022575902938842774
0.0026921844482421875
0.003467576503753662
0.004392706155776978
0.005329333543777466
0.006194251775741577
0.007540354728698731
0.008455578088760376
0.009853001832962036
0.011316273212432861
0.012962470054626465
0.014089959859848022
0.015626195669174194
0.017204601764678955
0.01882352590560913
0.020452536344528198
0.023442792892456054
0.026730670928955078
0.032400746345520016
0.03926755309104919
9.838342666625976e-05
0.00027536630630493165
0.0004970479011535644
0.0007060658931732178
0.0009514570236206054
0.0012568998336791991
0.0014979267120361329
0.0018530213832855225
0.0022575902938842774
0.0026921844482421875
0.003467576503753662
0.004392706155776978
0.005329333543777466
0.006194251775741577
0.007540354728698731
0.008455578088760376
0.009853001832962036
0.011316273212432861
0.012962470054626465
0.014089959859848022
0.015626195669174194
0.017204601764678955
0.01882352590560913
0.020452536344528198
0.023442792892456054
0.026730670928955078
0.032400746345520016
0.03926755309104919
0.04785604357719422
9.838342666625976e-05
0.00027536630630493165
0.0004970479011535644
0.0007060658931732178
0.0009514570236206054
0.0012568998336791991
0.0014979267120361329
0.0018530213832855225
0.0022575902938842774
0.0026921844482421875
0.003467576503753662
0.004392706155776978
0.005329333543777466
0.006194251775741577
0.007540354728698731
0.008455578088760376
0.009853001832962036
0.011316273212432861
0.012962470054626465
0.014089959859848022
0.015626195669174194
0.017204601764678955
0.01882352590560913
0.020452536344528198
0.023442792892456054
0.026730670928955078
0.032400746345520016
0.03926755309104919
0.04785604357719422
0.05242703676223755
9.838342666625976e-05
0.00027536630630493165
0.0004970479011535644
0.0007060658931732178
0.0009514570236206054
0.0012568998336791991
0.0014979267120361329
0.0018530213832855225
0.0022575902938842774
0.0026921844482421875
0.003467576503753662
0.004392706155776978
0.005329333543777466
0.006194251775741577
0.007540354728698731
0.008455578088760376
0.009853001832962036
0.011316273212432861
0.012962470054626465
0.014089959859848022
0.015626195669174194
0.017204601764678955
0.01882352590560913
0.020452536344528198
0.023442792892456054
0.026730670928955078
0.032400746345520016
0.03926755309104919
0.04785604357719422
0.05242703676223755
0.06312842488288879
9.838342666625976e-05
0.00027536630630493165
0.0004970479011535644
0.0007060658931732178
0.0009514570236206054
0.0012568998336791991
0.0014979267120361329
0.0018530213832855225
0.0022575902938842774
0.0026921844482421875
0.003467576503753662
0.004392706155776978
0.005329333543777466
0.006194251775741577
0.007540354728698731
0.008455578088760376
0.009853001832962036
0.011316273212432861
0.012962470054626465
0.014089959859848022
0.015626195669174194
0.017204601764678955
0.01882352590560913
0.020452536344528198
0.023442792892456054
0.026730670928955078
0.032400746345520016
0.03926755309104919
0.04785604357719422
0.05242703676223755
0.06312842488288879
0.07474896669387818
