8.249282836914062e-05
8.249282836914062e-05
0.00024574160575866697
8.249282836914062e-05
0.00024574160575866697
0.00045827746391296386
8.249282836914062e-05
0.00024574160575866697
0.00045827746391296386
0.0006624150276184082
8.249282836914062e-05
0.00024574160575866697
0.00045827746391296386
0.0006624150276184082
0.0008964061737060547
8.249282836914062e-05
0.00024574160575866697
0.00045827746391296386
0.0006624150276184082
0.0008964061737060547
0.001213669776916504
8.249282836914062e-05
0.00024574160575866697
0.00045827746391296386
0.0006624150276184082
0.0008964061737060547
0.001213669776916504
0.0014552688598632813
8.249282836914062e-05
0.00024574160575866697
0.00045827746391296386
0.0006624150276184082
0.0008964061737060547
0.001213669776916504
0.0014552688598632813
0.0018088340759277344
8.249282836914062e-05
0.00024574160575866697
0.00045827746391296386
0.0006624150276184082
0.0008964061737060547
0.001213669776916504
0.0014552688598632813
0.0018088340759277344
0.0021970200538635252
8.249282836914062e-05
0.00024574160575866697
0.00045827746391296386
0.0006624150276184082
0.0008964061737060547
0.001213669776916504
0.0014552688598632813
0.0018088340759277344
0.0021970200538635252
0.0026289129257202146
8.249282836914062e-05
0.00024574160575866697
0.00045827746391296386
0.0006624150276184082
0.0008964061737060547
0.001213669776916504
0.0014552688598632813
0.0018088340759277344
0.0021970200538635252
0.0026289129257202146
0.0034278178215026854
8.249282836914062e-05
0.00024574160575866697
0.00045827746391296386
0.0006624150276184082
0.0008964061737060547
0.001213669776916504
0.0014552688598632813
0.0018088340759277344
0.0021970200538635252
0.0026289129257202146
0.0034278178215026854
0.004412561655044556
8.249282836914062e-05
0.00024574160575866697
0.00045827746391296386
0.0006624150276184082
0.0008964061737060547
0.001213669776916504
0.0014552688598632813
0.0018088340759277344
0.0021970200538635252
0.0026289129257202146
0.0034278178215026854
0.004412561655044556
0.005357322692871094
8.249282836914062e-05
0.00024574160575866697
0.00045827746391296386
0.0006624150276184082
0.0008964061737060547
0.001213669776916504
0.0014552688598632813
0.0018088340759277344
0.0021970200538635252
0.0026289129257202146
0.0034278178215026854
0.004412561655044556
0.005357322692871094
0.0061149966716766355
8.249282836914062e-05
0.00024574160575866697
0.00045827746391296386
0.0006624150276184082
0.0008964061737060547
0.001213669776916504
0.0014552688598632813
0.0018088340759277344
0.0021970200538635252
0.0026289129257202146
0.0034278178215026854
0.004412561655044556
0.005357322692871094
0.0061149966716766355
0.007486377954483032
8.249282836914062e-05
0.00024574160575866697
0.00045827746391296386
0.0006624150276184082
0.0008964061737060547
0.001213669776916504
0.0014552688598632813
0.0018088340759277344
0.0021970200538635252
0.0026289129257202146
0.0034278178215026854
0.004412561655044556
0.005357322692871094
0.0061149966716766355
0.007486377954483032
0.008542008399963379
8.249282836914062e-05
0.00024574160575866697
0.00045827746391296386
0.0006624150276184082
0.0008964061737060547
0.001213669776916504
0.0014552688598632813
0.0018088340759277344
0.0021970200538635252
0.0026289129257202146
0.0034278178215026854
0.004412561655044556
0.005357322692871094
0.0061149966716766355
0.007486377954483032
0.008542008399963379
0.009810281991958618
8.249282836914062e-05
0.00024574160575866697
0.00045827746391296386
0.0006624150276184082
0.0008964061737060547
0.001213669776916504
0.0014552688598632813
0.0018088340759277344
0.0021970200538635252
0.0026289129257202146
0.0034278178215026854
0.004412561655044556
0.005357322692871094
0.0061149966716766355
0.007486377954483032
0.008542008399963379
0.009810281991958618
0.011312057971954345
8.249282836914062e-05
0.00024574160575866697
0.00045827746391296386
0.0006624150276184082
0.0008964061737060547
0.001213669776916504
0.0014552688598632813
0.0018088340759277344
0.0021970200538635252
0.0026289129257202146
0.0034278178215026854
0.004412561655044556
0.005357322692871094
0.0061149966716766355
0.007486377954483032
0.008542008399963379
0.009810281991958618
0.011312057971954345
0.012743642330169678
8.249282836914062e-05
0.00024574160575866697
0.00045827746391296386
0.0006624150276184082
0.0008964061737060547
0.001213669776916504
0.0014552688598632813
0.0018088340759277344
0.0021970200538635252
0.0026289129257202146
0.0034278178215026854
0.004412561655044556
0.005357322692871094
0.0061149966716766355
0.007486377954483032
0.008542008399963379
0.009810281991958618
0.011312057971954345
0.012743642330169678
0.013941028118133546
8.249282836914062e-05
0.00024574160575866697
0.00045827746391296386
0.0006624150276184082
0.0008964061737060547
0.001213669776916504
0.0014552688598632813
0.0018088340759277344
0.0021970200538635252
0.0026289129257202146
0.0034278178215026854
0.004412561655044556
0.005357322692871094
0.0061149966716766355
0.007486377954483032
0.008542008399963379
0.009810281991958618
0.011312057971954345
0.012743642330169678
0.013941028118133546
0.015537934303283691
8.249282836914062e-05
0.00024574160575866697
0.00045827746391296386
0.0006624150276184082
0.0008964061737060547
0.001213669776916504
0.0014552688598632813
0.0018088340759277344
0.0021970200538635252
0.0026289129257202146
0.0034278178215026854
0.004412561655044556
0.005357322692871094
0.0061149966716766355
0.007486377954483032
0.008542008399963379
0.009810281991958618
0.011312057971954345
0.012743642330169678
0.013941028118133546
0.015537934303283691
0.017044708728790284
8.249282836914062e-05
0.00024574160575866697
0.00045827746391296386
0.0006624150276184082
0.0008964061737060547
0.001213669776916504
0.0014552688598632813
0.0018088340759277344
0.0021970200538635252
0.0026289129257202146
0.0034278178215026854
0.004412561655044556
0.005357322692871094
0.0061149966716766355
0.007486377954483032
0.008542008399963379
0.009810281991958618
0.011312057971954345
0.012743642330169678
0.013941028118133546
0.015537934303283691
0.017044708728790284
0.01864021897315979
8.249282836914062e-05
0.00024574160575866697
0.00045827746391296386
0.0006624150276184082
0.0008964061737060547
0.001213669776916504
0.0014552688598632813
0.0018088340759277344
0.0021970200538635252
0.0026289129257202146
0.0034278178215026854
0.004412561655044556
0.005357322692871094
0.0061149966716766355
0.007486377954483032
0.008542008399963379
0.009810281991958618
0.011312057971954345
0.012743642330169678
0.013941028118133546
0.015537934303283691
0.017044708728790284
0.01864021897315979
0.02041552424430847
8.249282836914062e-05
0.00024574160575866697
0.00045827746391296386
0.0006624150276184082
0.0008964061737060547
0.001213669776916504
0.0014552688598632813
0.0018088340759277344
0.0021970200538635252
0.0026289129257202146
0.0034278178215026854
0.004412561655044556
0.005357322692871094
0.0061149966716766355
0.007486377954483032
0.008542008399963379
0.009810281991958618
0.011312057971954345
0.012743642330169678
0.013941028118133546
0.015537934303283691
0.017044708728790284
0.01864021897315979
0.02041552424430847
0.023511805534362794
8.249282836914062e-05
0.00024574160575866697
0.00045827746391296386
0.0006624150276184082
0.0008964061737060547
0.001213669776916504
0.0014552688598632813
0.0018088340759277344
0.0021970200538635252
0.0026289129257202146
0.0034278178215026854
0.004412561655044556
0.005357322692871094
0.0061149966716766355
0.007486377954483032
0.008542008399963379
0.009810281991958618
0.011312057971954345
0.012743642330169678
0.013941028118133546
0.015537934303283691
0.017044708728790284
0.01864021897315979
0.02041552424430847
0.023511805534362794
0.02655815601348877
8.249282836914062e-05
0.00024574160575866697
0.00045827746391296386
0.0006624150276184082
0.0008964061737060547
0.001213669776916504
0.0014552688598632813
0.0018088340759277344
0.0021970200538635252
0.0026289129257202146
0.0034278178215026854
0.004412561655044556
0.005357322692871094
0.0061149966716766355
0.007486377954483032
0.008542008399963379
0.009810281991958618
0.011312057971954345
0.012743642330169678
0.013941028118133546
0.015537934303283691
0.017044708728790284
0.01864021897315979
0.02041552424430847
0.023511805534362794
0.02655815601348877
0.03221435427665711
8.249282836914062e-05
0.00024574160575866697
0.00045827746391296386
0.0006624150276184082
0.0008964061737060547
0.001213669776916504
0.0014552688598632813
0.0018088340759277344
0.0021970200538635252
0.0026289129257202146
0.0034278178215026854
0.004412561655044556
0.005357322692871094
0.0061149966716766355
0.007486377954483032
0.008542008399963379
0.009810281991958618
0.011312057971954345
0.012743642330169678
0.013941028118133546
0.015537934303283691
0.017044708728790284
0.01864021897315979
0.02041552424430847
0.023511805534362794
0.02655815601348877
0.03221435427665711
0.03934002280235291
8.249282836914062e-05
0.00024574160575866697
0.00045827746391296386
0.0006624150276184082
0.0008964061737060547
0.001213669776916504
0.0014552688598632813
0.0018088340759277344
0.0021970200538635252
0.0026289129257202146
0.0034278178215026854
0.004412561655044556
0.005357322692871094
0.0061149966716766355
0.007486377954483032
0.008542008399963379
0.009810281991958618
0.011312057971954345
0.012743642330169678
0.013941028118133546
0.015537934303283691
0.017044708728790284
0.01864021897315979
0.02041552424430847
0.023511805534362794
0.02655815601348877
0.03221435427665711
0.03934002280235291
0.04833980917930603
8.249282836914062e-05
0.00024574160575866697
0.00045827746391296386
0.0006624150276184082
0.0008964061737060547
0.001213669776916504
0.0014552688598632813
0.0018088340759277344
0.0021970200538635252
0.0026289129257202146
0.0034278178215026854
0.004412561655044556
0.005357322692871094
0.0061149966716766355
0.007486377954483032
0.008542008399963379
0.009810281991958618
0.011312057971954345
0.012743642330169678
0.013941028118133546
0.015537934303283691
0.017044708728790284
0.01864021897315979
0.02041552424430847
0.023511805534362794
0.02655815601348877
0.03221435427665711
0.03934002280235291
0.04833980917930603
0.05202626705169678
8.249282836914062e-05
0.00024574160575866697
0.00045827746391296386
0.0006624150276184082
0.0008964061737060547
0.001213669776916504
0.0014552688598632813
0.0018088340759277344
0.0021970200538635252
0.0026289129257202146
0.0034278178215026854
0.004412561655044556
0.005357322692871094
0.0061149966716766355
0.007486377954483032
0.008542008399963379
0.009810281991958618
0.011312057971954345
0.012743642330169678
0.013941028118133546
0.015537934303283691
0.017044708728790284
0.01864021897315979
0.02041552424430847
0.023511805534362794
0.02655815601348877
0.03221435427665711
0.03934002280235291
0.04833980917930603
0.05202626705169678
0.06265351176261902
8.249282836914062e-05
0.00024574160575866697
0.00045827746391296386
0.0006624150276184082
0.0008964061737060547
0.001213669776916504
0.0014552688598632813
0.0018088340759277344
0.0021970200538635252
0.0026289129257202146
0.0034278178215026854
0.004412561655044556
0.005357322692871094
0.0061149966716766355
0.007486377954483032
0.008542008399963379
0.009810281991958618
0.011312057971954345
0.012743642330169678
0.013941028118133546
0.015537934303283691
0.017044708728790284
0.01864021897315979
0.02041552424430847
0.023511805534362794
0.02655815601348877
0.03221435427665711
0.03934002280235291
0.04833980917930603
0.05202626705169678
0.06265351176261902
0.07495388388633728
