2.0
2.0
2.35
2.0
2.35
2.655
2.0
2.35
2.655
2.745
2.0
2.35
2.655
2.745
3.0
2.0
2.35
2.655
2.745
3.0
3.085
2.0
2.35
2.655
2.745
3.0
3.085
3.17
2.0
2.35
2.655
2.745
3.0
3.085
3.17
3.245
2.0
2.35
2.655
2.745
3.0
3.085
3.17
3.245
3.255
2.0
2.35
2.655
2.745
3.0
3.085
3.17
3.245
3.255
3.35
2.0
2.35
2.655
2.745
3.0
3.085
3.17
3.245
3.255
3.35
3.34
2.0
2.35
2.655
2.745
3.0
3.085
3.17
3.245
3.255
3.35
3.34
3.615
2.0
2.35
2.655
2.745
3.0
3.085
3.17
3.245
3.255
3.35
3.34
3.615
3.445
2.0
2.35
2.655
2.745
3.0
3.085
3.17
3.245
3.255
3.35
3.34
3.615
3.445
3.52
2.0
2.35
2.655
2.745
3.0
3.085
3.17
3.245
3.255
3.35
3.34
3.615
3.445
3.52
3.725
2.0
2.35
2.655
2.745
3.0
3.085
3.17
3.245
3.255
3.35
3.34
3.615
3.445
3.52
3.725
3.635
2.0
2.35
2.655
2.745
3.0
3.085
3.17
3.245
3.255
3.35
3.34
3.615
3.445
3.52
3.725
3.635
3.7
2.0
2.35
2.655
2.745
3.0
3.085
3.17
3.245
3.255
3.35
3.34
3.615
3.445
3.52
3.725
3.635
3.7
3.54
2.0
2.35
2.655
2.745
3.0
3.085
3.17
3.245
3.255
3.35
3.34
3.615
3.445
3.52
3.725
3.635
3.7
3.54
3.56
2.0
2.35
2.655
2.745
3.0
3.085
3.17
3.245
3.255
3.35
3.34
3.615
3.445
3.52
3.725
3.635
3.7
3.54
3.56
3.605
2.0
2.35
2.655
2.745
3.0
3.085
3.17
3.245
3.255
3.35
3.34
3.615
3.445
3.52
3.725
3.635
3.7
3.54
3.56
3.605
3.74
2.0
2.35
2.655
2.745
3.0
3.085
3.17
3.245
3.255
3.35
3.34
3.615
3.445
3.52
3.725
3.635
3.7
3.54
3.56
3.605
3.74
3.785
2.0
2.35
2.655
2.745
3.0
3.085
3.17
3.245
3.255
3.35
3.34
3.615
3.445
3.52
3.725
3.635
3.7
3.54
3.56
3.605
3.74
3.785
3.63
2.0
2.35
2.655
2.745
3.0
3.085
3.17
3.245
3.255
3.35
3.34
3.615
3.445
3.52
3.725
3.635
3.7
3.54
3.56
3.605
3.74
3.785
3.63
3.86
2.0
2.35
2.655
2.745
3.0
3.085
3.17
3.245
3.255
3.35
3.34
3.615
3.445
3.52
3.725
3.635
3.7
3.54
3.56
3.605
3.74
3.785
3.63
3.86
3.71
2.0
2.35
2.655
2.745
3.0
3.085
3.17
3.245
3.255
3.35
3.34
3.615
3.445
3.52
3.725
3.635
3.7
3.54
3.56
3.605
3.74
3.785
3.63
3.86
3.71
3.605
2.0
2.35
2.655
2.745
3.0
3.085
3.17
3.245
3.255
3.35
3.34
3.615
3.445
3.52
3.725
3.635
3.7
3.54
3.56
3.605
3.74
3.785
3.63
3.86
3.71
3.605
3.735
2.0
2.35
2.655
2.745
3.0
3.085
3.17
3.245
3.255
3.35
3.34
3.615
3.445
3.52
3.725
3.635
3.7
3.54
3.56
3.605
3.74
3.785
3.63
3.86
3.71
3.605
3.735
3.78
2.0
2.35
2.655
2.745
3.0
3.085
3.17
3.245
3.255
3.35
3.34
3.615
3.445
3.52
3.725
3.635
3.7
3.54
3.56
3.605
3.74
3.785
3.63
3.86
3.71
3.605
3.735
3.78
3.82
2.0
2.35
2.655
2.745
3.0
3.085
3.17
3.245
3.255
3.35
3.34
3.615
3.445
3.52
3.725
3.635
3.7
3.54
3.56
3.605
3.74
3.785
3.63
3.86
3.71
3.605
3.735
3.78
3.82
3.695
2.0
2.35
2.655
2.745
3.0
3.085
3.17
3.245
3.255
3.35
3.34
3.615
3.445
3.52
3.725
3.635
3.7
3.54
3.56
3.605
3.74
3.785
3.63
3.86
3.71
3.605
3.735
3.78
3.82
3.695
3.955
2.0
2.35
2.655
2.745
3.0
3.085
3.17
3.245
3.255
3.35
3.34
3.615
3.445
3.52
3.725
3.635
3.7
3.54
3.56
3.605
3.74
3.785
3.63
3.86
3.71
3.605
3.735
3.78
3.82
3.695
3.955
3.56
