3.04
3.04
4.295
3.04
4.295
4.775
3.04
4.295
4.775
5.3
3.04
4.295
4.775
5.3
6.11
3.04
4.295
4.775
5.3
6.11
6.605
3.04
4.295
4.775
5.3
6.11
6.605
7.18
3.04
4.295
4.775
5.3
6.11
6.605
7.18
7.285
3.04
4.295
4.775
5.3
6.11
6.605
7.18
7.285
7.24
3.04
4.295
4.775
5.3
6.11
6.605
7.18
7.285
7.24
7.445
3.04
4.295
4.775
5.3
6.11
6.605
7.18
7.285
7.24
7.445
7.995
3.04
4.295
4.775
5.3
6.11
6.605
7.18
7.285
7.24
7.445
7.995
8.67
3.04
4.295
4.775
5.3
6.11
6.605
7.18
7.285
7.24
7.445
7.995
8.67
8.99
3.04
4.295
4.775
5.3
6.11
6.605
7.18
7.285
7.24
7.445
7.995
8.67
8.99
8.75
3.04
4.295
4.775
5.3
6.11
6.605
7.18
7.285
7.24
7.445
7.995
8.67
8.99
8.75
9.78
3.04
4.295
4.775
5.3
6.11
6.605
7.18
7.285
7.24
7.445
7.995
8.67
8.99
8.75
9.78
9.99
3.04
4.295
4.775
5.3
6.11
6.605
7.18
7.285
7.24
7.445
7.995
8.67
8.99
8.75
9.78
9.99
10.185
3.04
4.295
4.775
5.3
6.11
6.605
7.18
7.285
7.24
7.445
7.995
8.67
8.99
8.75
9.78
9.99
10.185
9.29
3.04
4.295
4.775
5.3
6.11
6.605
7.18
7.285
7.24
7.445
7.995
8.67
8.99
8.75
9.78
9.99
10.185
9.29
10.25
3.04
4.295
4.775
5.3
6.11
6.605
7.18
7.285
7.24
7.445
7.995
8.67
8.99
8.75
9.78
9.99
10.185
9.29
10.25
9.965
3.04
4.295
4.775
5.3
6.11
6.605
7.18
7.285
7.24
7.445
7.995
8.67
8.99
8.75
9.78
9.99
10.185
9.29
10.25
9.965
10.86
3.04
4.295
4.775
5.3
6.11
6.605
7.18
7.285
7.24
7.445
7.995
8.67
8.99
8.75
9.78
9.99
10.185
9.29
10.25
9.965
10.86
10.89
3.04
4.295
4.775
5.3
6.11
6.605
7.18
7.285
7.24
7.445
7.995
8.67
8.99
8.75
9.78
9.99
10.185
9.29
10.25
9.965
10.86
10.89
10.435
3.04
4.295
4.775
5.3
6.11
6.605
7.18
7.285
7.24
7.445
7.995
8.67
8.99
8.75
9.78
9.99
10.185
9.29
10.25
9.965
10.86
10.89
10.435
11.135
3.04
4.295
4.775
5.3
6.11
6.605
7.18
7.285
7.24
7.445
7.995
8.67
8.99
8.75
9.78
9.99
10.185
9.29
10.25
9.965
10.86
10.89
10.435
11.135
10.99
3.04
4.295
4.775
5.3
6.11
6.605
7.18
7.285
7.24
7.445
7.995
8.67
8.99
8.75
9.78
9.99
10.185
9.29
10.25
9.965
10.86
10.89
10.435
11.135
10.99
10.385
3.04
4.295
4.775
5.3
6.11
6.605
7.18
7.285
7.24
7.445
7.995
8.67
8.99
8.75
9.78
9.99
10.185
9.29
10.25
9.965
10.86
10.89
10.435
11.135
10.99
10.385
11.0
3.04
4.295
4.775
5.3
6.11
6.605
7.18
7.285
7.24
7.445
7.995
8.67
8.99
8.75
9.78
9.99
10.185
9.29
10.25
9.965
10.86
10.89
10.435
11.135
10.99
10.385
11.0
11.365
3.04
4.295
4.775
5.3
6.11
6.605
7.18
7.285
7.24
7.445
7.995
8.67
8.99
8.75
9.78
9.99
10.185
9.29
10.25
9.965
10.86
10.89
10.435
11.135
10.99
10.385
11.0
11.365
11.315
3.04
4.295
4.775
5.3
6.11
6.605
7.18
7.285
7.24
7.445
7.995
8.67
8.99
8.75
9.78
9.99
10.185
9.29
10.25
9.965
10.86
10.89
10.435
11.135
10.99
10.385
11.0
11.365
11.315
12.065
3.04
4.295
4.775
5.3
6.11
6.605
7.18
7.285
7.24
7.445
7.995
8.67
8.99
8.75
9.78
9.99
10.185
9.29
10.25
9.965
10.86
10.89
10.435
11.135
10.99
10.385
11.0
11.365
11.315
12.065
12.875
3.04
4.295
4.775
5.3
6.11
6.605
7.18
7.285
7.24
7.445
7.995
8.67
8.99
8.75
9.78
9.99
10.185
9.29
10.25
9.965
10.86
10.89
10.435
11.135
10.99
10.385
11.0
11.365
11.315
12.065
12.875
11.45
