0.0002941572666168213
0.0002941572666168213
0.0005347490310668946
0.0002941572666168213
0.0005347490310668946
0.0008502674102783204
0.0002941572666168213
0.0005347490310668946
0.0008502674102783204
0.001053224802017212
0.0002941572666168213
0.0005347490310668946
0.0008502674102783204
0.001053224802017212
0.001274644136428833
0.0002941572666168213
0.0005347490310668946
0.0008502674102783204
0.001053224802017212
0.001274644136428833
0.00166953444480896
0.0002941572666168213
0.0005347490310668946
0.0008502674102783204
0.001053224802017212
0.001274644136428833
0.00166953444480896
0.0019073057174682616
0.0002941572666168213
0.0005347490310668946
0.0008502674102783204
0.001053224802017212
0.001274644136428833
0.00166953444480896
0.0019073057174682616
0.002223461866378784
0.0002941572666168213
0.0005347490310668946
0.0008502674102783204
0.001053224802017212
0.001274644136428833
0.00166953444480896
0.0019073057174682616
0.002223461866378784
0.002713240385055542
0.0002941572666168213
0.0005347490310668946
0.0008502674102783204
0.001053224802017212
0.001274644136428833
0.00166953444480896
0.0019073057174682616
0.002223461866378784
0.002713240385055542
0.0032374382019042967
0.0002941572666168213
0.0005347490310668946
0.0008502674102783204
0.001053224802017212
0.001274644136428833
0.00166953444480896
0.0019073057174682616
0.002223461866378784
0.002713240385055542
0.0032374382019042967
0.0039860975742340085
0.0002941572666168213
0.0005347490310668946
0.0008502674102783204
0.001053224802017212
0.001274644136428833
0.00166953444480896
0.0019073057174682616
0.002223461866378784
0.002713240385055542
0.0032374382019042967
0.0039860975742340085
0.0049343562126159665
0.0002941572666168213
0.0005347490310668946
0.0008502674102783204
0.001053224802017212
0.001274644136428833
0.00166953444480896
0.0019073057174682616
0.002223461866378784
0.002713240385055542
0.0032374382019042967
0.0039860975742340085
0.0049343562126159665
0.005907161235809326
0.0002941572666168213
0.0005347490310668946
0.0008502674102783204
0.001053224802017212
0.001274644136428833
0.00166953444480896
0.0019073057174682616
0.002223461866378784
0.002713240385055542
0.0032374382019042967
0.0039860975742340085
0.0049343562126159665
0.005907161235809326
0.006750205755233765
0.0002941572666168213
0.0005347490310668946
0.0008502674102783204
0.001053224802017212
0.001274644136428833
0.00166953444480896
0.0019073057174682616
0.002223461866378784
0.002713240385055542
0.0032374382019042967
0.0039860975742340085
0.0049343562126159665
0.005907161235809326
0.006750205755233765
0.007968083620071412
0.0002941572666168213
0.0005347490310668946
0.0008502674102783204
0.001053224802017212
0.001274644136428833
0.00166953444480896
0.0019073057174682616
0.002223461866378784
0.002713240385055542
0.0032374382019042967
0.0039860975742340085
0.0049343562126159665
0.005907161235809326
0.006750205755233765
0.007968083620071412
0.009010977745056152
0.0002941572666168213
0.0005347490310668946
0.0008502674102783204
0.001053224802017212
0.001274644136428833
0.00166953444480896
0.0019073057174682616
0.002223461866378784
0.002713240385055542
0.0032374382019042967
0.0039860975742340085
0.0049343562126159665
0.005907161235809326
0.006750205755233765
0.007968083620071412
0.009010977745056152
0.010417797565460206
0.0002941572666168213
0.0005347490310668946
0.0008502674102783204
0.001053224802017212
0.001274644136428833
0.00166953444480896
0.0019073057174682616
0.002223461866378784
0.002713240385055542
0.0032374382019042967
0.0039860975742340085
0.0049343562126159665
0.005907161235809326
0.006750205755233765
0.007968083620071412
0.009010977745056152
0.010417797565460206
0.012020480632781983
0.0002941572666168213
0.0005347490310668946
0.0008502674102783204
0.001053224802017212
0.001274644136428833
0.00166953444480896
0.0019073057174682616
0.002223461866378784
0.002713240385055542
0.0032374382019042967
0.0039860975742340085
0.0049343562126159665
0.005907161235809326
0.006750205755233765
0.007968083620071412
0.009010977745056152
0.010417797565460206
0.012020480632781983
0.013518302440643311
0.0002941572666168213
0.0005347490310668946
0.0008502674102783204
0.001053224802017212
0.001274644136428833
0.00166953444480896
0.0019073057174682616
0.002223461866378784
0.002713240385055542
0.0032374382019042967
0.0039860975742340085
0.0049343562126159665
0.005907161235809326
0.006750205755233765
0.007968083620071412
0.009010977745056152
0.010417797565460206
0.012020480632781983
0.013518302440643311
0.014717310667037964
0.0002941572666168213
0.0005347490310668946
0.0008502674102783204
0.001053224802017212
0.001274644136428833
0.00166953444480896
0.0019073057174682616
0.002223461866378784
0.002713240385055542
0.0032374382019042967
0.0039860975742340085
0.0049343562126159665
0.005907161235809326
0.006750205755233765
0.007968083620071412
0.009010977745056152
0.010417797565460206
0.012020480632781983
0.013518302440643311
0.014717310667037964
0.01622765064239502
0.0002941572666168213
0.0005347490310668946
0.0008502674102783204
0.001053224802017212
0.001274644136428833
0.00166953444480896
0.0019073057174682616
0.002223461866378784
0.002713240385055542
0.0032374382019042967
0.0039860975742340085
0.0049343562126159665
0.005907161235809326
0.006750205755233765
0.007968083620071412
0.009010977745056152
0.010417797565460206
0.012020480632781983
0.013518302440643311
0.014717310667037964
0.01622765064239502
0.017726981639862062
0.0002941572666168213
0.0005347490310668946
0.0008502674102783204
0.001053224802017212
0.001274644136428833
0.00166953444480896
0.0019073057174682616
0.002223461866378784
0.002713240385055542
0.0032374382019042967
0.0039860975742340085
0.0049343562126159665
0.005907161235809326
0.006750205755233765
0.007968083620071412
0.009010977745056152
0.010417797565460206
0.012020480632781983
0.013518302440643311
0.014717310667037964
0.01622765064239502
0.017726981639862062
0.019562233686447144
0.0002941572666168213
0.0005347490310668946
0.0008502674102783204
0.001053224802017212
0.001274644136428833
0.00166953444480896
0.0019073057174682616
0.002223461866378784
0.002713240385055542
0.0032374382019042967
0.0039860975742340085
0.0049343562126159665
0.005907161235809326
0.006750205755233765
0.007968083620071412
0.009010977745056152
0.010417797565460206
0.012020480632781983
0.013518302440643311
0.014717310667037964
0.01622765064239502
0.017726981639862062
0.019562233686447144
0.0210958194732666
0.0002941572666168213
0.0005347490310668946
0.0008502674102783204
0.001053224802017212
0.001274644136428833
0.00166953444480896
0.0019073057174682616
0.002223461866378784
0.002713240385055542
0.0032374382019042967
0.0039860975742340085
0.0049343562126159665
0.005907161235809326
0.006750205755233765
0.007968083620071412
0.009010977745056152
0.010417797565460206
0.012020480632781983
0.013518302440643311
0.014717310667037964
0.01622765064239502
0.017726981639862062
0.019562233686447144
0.0210958194732666
0.024103925228118897
0.0002941572666168213
0.0005347490310668946
0.0008502674102783204
0.001053224802017212
0.001274644136428833
0.00166953444480896
0.0019073057174682616
0.002223461866378784
0.002713240385055542
0.0032374382019042967
0.0039860975742340085
0.0049343562126159665
0.005907161235809326
0.006750205755233765
0.007968083620071412
0.009010977745056152
0.010417797565460206
0.012020480632781983
0.013518302440643311
0.014717310667037964
0.01622765064239502
0.017726981639862062
0.019562233686447144
0.0210958194732666
0.024103925228118897
0.027316372394561767
0.0002941572666168213
0.0005347490310668946
0.0008502674102783204
0.001053224802017212
0.001274644136428833
0.00166953444480896
0.0019073057174682616
0.002223461866378784
0.002713240385055542
0.0032374382019042967
0.0039860975742340085
0.0049343562126159665
0.005907161235809326
0.006750205755233765
0.007968083620071412
0.009010977745056152
0.010417797565460206
0.012020480632781983
0.013518302440643311
0.014717310667037964
0.01622765064239502
0.017726981639862062
0.019562233686447144
0.0210958194732666
0.024103925228118897
0.027316372394561767
0.03300988078117371
0.0002941572666168213
0.0005347490310668946
0.0008502674102783204
0.001053224802017212
0.001274644136428833
0.00166953444480896
0.0019073057174682616
0.002223461866378784
0.002713240385055542
0.0032374382019042967
0.0039860975742340085
0.0049343562126159665
0.005907161235809326
0.006750205755233765
0.007968083620071412
0.009010977745056152
0.010417797565460206
0.012020480632781983
0.013518302440643311
0.014717310667037964
0.01622765064239502
0.017726981639862062
0.019562233686447144
0.0210958194732666
0.024103925228118897
0.027316372394561767
0.03300988078117371
0.04013275146484375
0.0002941572666168213
0.0005347490310668946
0.0008502674102783204
0.001053224802017212
0.001274644136428833
0.00166953444480896
0.0019073057174682616
0.002223461866378784
0.002713240385055542
0.0032374382019042967
0.0039860975742340085
0.0049343562126159665
0.005907161235809326
0.006750205755233765
0.007968083620071412
0.009010977745056152
0.010417797565460206
0.012020480632781983
0.013518302440643311
0.014717310667037964
0.01622765064239502
0.017726981639862062
0.019562233686447144
0.0210958194732666
0.024103925228118897
0.027316372394561767
0.03300988078117371
0.04013275146484375
0.04863226294517517
0.0002941572666168213
0.0005347490310668946
0.0008502674102783204
0.001053224802017212
0.001274644136428833
0.00166953444480896
0.0019073057174682616
0.002223461866378784
0.002713240385055542
0.0032374382019042967
0.0039860975742340085
0.0049343562126159665
0.005907161235809326
0.006750205755233765
0.007968083620071412
0.009010977745056152
0.010417797565460206
0.012020480632781983
0.013518302440643311
0.014717310667037964
0.01622765064239502
0.017726981639862062
0.019562233686447144
0.0210958194732666
0.024103925228118897
0.027316372394561767
0.03300988078117371
0.04013275146484375
0.04863226294517517
0.05221899271011352
0.0002941572666168213
0.0005347490310668946
0.0008502674102783204
0.001053224802017212
0.001274644136428833
0.00166953444480896
0.0019073057174682616
0.002223461866378784
0.002713240385055542
0.0032374382019042967
0.0039860975742340085
0.0049343562126159665
0.005907161235809326
0.006750205755233765
0.007968083620071412
0.009010977745056152
0.010417797565460206
0.012020480632781983
0.013518302440643311
0.014717310667037964
0.01622765064239502
0.017726981639862062
0.019562233686447144
0.0210958194732666
0.024103925228118897
0.027316372394561767
0.03300988078117371
0.04013275146484375
0.04863226294517517
0.05221899271011352
0.06310726761817932
0.0002941572666168213
0.0005347490310668946
0.0008502674102783204
0.001053224802017212
0.001274644136428833
0.00166953444480896
0.0019073057174682616
0.002223461866378784
0.002713240385055542
0.0032374382019042967
0.0039860975742340085
0.0049343562126159665
0.005907161235809326
0.006750205755233765
0.007968083620071412
0.009010977745056152
0.010417797565460206
0.012020480632781983
0.013518302440643311
0.014717310667037964
0.01622765064239502
0.017726981639862062
0.019562233686447144
0.0210958194732666
0.024103925228118897
0.027316372394561767
0.03300988078117371
0.04013275146484375
0.04863226294517517
0.05221899271011352
0.06310726761817932
0.0756502091884613
